local args = {
    [1] = "TitaniumBlock",
    [2] = 2404,
    [3] = workspace:WaitForChild("Blocks"):WaitForChild("games_2346s"):WaitForChild("TitaniumBlock"):WaitForChild("PPart"),
    [4] = CFrame.new(-59.690262, 44.697327, -362.695587, 1.000000, 0.000000, 0.000000, 0.000000, 1.000000, 0.000000, 0.000000, 0.000000, 1.000000),
    [5] = true,
    [6] = CFrame.new(-59.690262, 44.697327, -362.695587, 1.000000, 0.000000, 0.000000, 0.000000, 1.000000, 0.000000, 0.000000, 0.000000, 1.000000),
    [7] = false
}

game:GetService("Players").LocalPlayer.Character.BuildingTool.RF:InvokeServer(unpack(args))
                

local args = {
    [1] = {
        [1] = {
            [1] = workspace:WaitForChild("Blocks"):WaitForChild("games_2346s"):WaitForChild("TitaniumBlock"):WaitForChild("PPart"),
            [2] = Color3.new(0.388235, 0.345098, 0.364706)
        }
    }
}

game:GetService("Players").LocalPlayer.Character.BuildingTool.RF:InvokeServer(unpack(args))
                

local args = {
    [1] = workspace:WaitForChild("Blocks"):WaitForChild("games_2346s"):WaitForChild("TitaniumBlock"):WaitForChild("PPart"),
    [2] = Vector3.new(1.300000, 0.400000, 1.000000),
    [3] = CFrame.new(-59.690262, 44.697327, -362.695587, 1.000000, 0.000000, 0.000000, 0.000000, 1.000000, 0.000000, 0.000000, 0.000000, 1.000000)
}

game:GetService("Players").LocalPlayer.Character.BuildingTool.RF:InvokeServer(unpack(args))
                

local args = {
    [1] = "TitaniumBlock",
    [2] = 2404,
    [3] = workspace:WaitForChild("Blocks"):WaitForChild("games_2346s"):WaitForChild("TitaniumBlock"):WaitForChild("PPart"),
    [4] = CFrame.new(-58.808060, 41.358292, -363.934875, -0.000005, -0.707119, -0.707094, -0.707033, 0.500046, -0.500058, 0.707180, 0.499936, -0.499959),
    [5] = true,
    [6] = CFrame.new(-58.808060, 41.358292, -363.934875, -0.000005, -0.707119, -0.707094, -0.707033, 0.500046, -0.500058, 0.707180, 0.499936, -0.499959),
    [7] = false
}

game:GetService("Players").LocalPlayer.Character.BuildingTool.RF:InvokeServer(unpack(args))
                

local args = {
    [1] = {
        [1] = {
            [1] = workspace:WaitForChild("Blocks"):WaitForChild("games_2346s"):WaitForChild("TitaniumBlock"):WaitForChild("PPart"),
            [2] = Color3.new(0.388235, 0.345098, 0.364706)
        }
    }
}

game:GetService("Players").LocalPlayer.Character.BuildingTool.RF:InvokeServer(unpack(args))
                

local args = {
    [1] = workspace:WaitForChild("Blocks"):WaitForChild("games_2346s"):WaitForChild("TitaniumBlock"):WaitForChild("PPart"),
    [2] = Vector3.new(0.500000, 0.300000, 0.800000),
    [3] = CFrame.new(-58.808060, 41.358292, -363.934875, -0.000005, -0.707119, -0.707094, -0.707033, 0.500046, -0.500058, 0.707180, 0.499936, -0.499959)
}

game:GetService("Players").LocalPlayer.Character.BuildingTool.RF:InvokeServer(unpack(args))
                

local args = {
    [1] = "TitaniumBlock",
    [2] = 2404,
    [3] = workspace:WaitForChild("Blocks"):WaitForChild("games_2346s"):WaitForChild("TitaniumBlock"):WaitForChild("PPart"),
    [4] = CFrame.new(-58.833328, 31.680267, -361.820465, -0.500064, -0.612360, 0.612332, -0.000008, -0.707087, -0.707126, 0.865989, -0.353613, 0.353584),
    [5] = true,
    [6] = CFrame.new(-58.833328, 31.680267, -361.820465, -0.500064, -0.612360, 0.612332, -0.000008, -0.707087, -0.707126, 0.865989, -0.353613, 0.353584),
    [7] = false
}

game:GetService("Players").LocalPlayer.Character.BuildingTool.RF:InvokeServer(unpack(args))
                

local args = {
    [1] = {
        [1] = {
            [1] = workspace:WaitForChild("Blocks"):WaitForChild("games_2346s"):WaitForChild("TitaniumBlock"):WaitForChild("PPart"),
            [2] = Color3.new(0.388235, 0.345098, 0.364706)
        }
    }
}

game:GetService("Players").LocalPlayer.Character.BuildingTool.RF:InvokeServer(unpack(args))
                

local args = {
    [1] = workspace:WaitForChild("Blocks"):WaitForChild("games_2346s"):WaitForChild("TitaniumBlock"):WaitForChild("PPart"),
    [2] = Vector3.new(0.500000, 0.300000, 0.800000),
    [3] = CFrame.new(-58.833328, 31.680267, -361.820465, -0.500064, -0.612360, 0.612332, -0.000008, -0.707087, -0.707126, 0.865989, -0.353613, 0.353584)
}

game:GetService("Players").LocalPlayer.Character.BuildingTool.RF:InvokeServer(unpack(args))
                

local args = {
    [1] = "TitaniumBlock",
    [2] = 2404,
    [3] = workspace:WaitForChild("Blocks"):WaitForChild("games_2346s"):WaitForChild("TitaniumBlock"):WaitForChild("PPart"),
    [4] = CFrame.new(-58.740311, 44.735703, -364.684448, 1.000000, -0.000000, 0.000000, 0.000000, 0.965930, 0.258805, -0.000000, -0.258805, 0.965930),
    [5] = true,
    [6] = CFrame.new(-58.740311, 44.735703, -364.684448, 1.000000, -0.000000, 0.000000, 0.000000, 0.965930, 0.258805, -0.000000, -0.258805, 0.965930),
    [7] = false
}

game:GetService("Players").LocalPlayer.Character.BuildingTool.RF:InvokeServer(unpack(args))
                

local args = {
    [1] = {
        [1] = {
            [1] = workspace:WaitForChild("Blocks"):WaitForChild("games_2346s"):WaitForChild("TitaniumBlock"):WaitForChild("PPart"),
            [2] = Color3.new(0.388235, 0.345098, 0.364706)
        }
    }
}

game:GetService("Players").LocalPlayer.Character.BuildingTool.RF:InvokeServer(unpack(args))
                

local args = {
    [1] = workspace:WaitForChild("Blocks"):WaitForChild("games_2346s"):WaitForChild("TitaniumBlock"):WaitForChild("PPart"),
    [2] = Vector3.new(0.300000, 1.100000, 1.300000),
    [3] = CFrame.new(-58.740311, 44.735703, -364.684448, 1.000000, -0.000000, 0.000000, 0.000000, 0.965930, 0.258805, -0.000000, -0.258805, 0.965930)
}

game:GetService("Players").LocalPlayer.Character.BuildingTool.RF:InvokeServer(unpack(args))
                

local args = {
    [1] = "TitaniumBlock",
    [2] = 2404,
    [3] = workspace:WaitForChild("Blocks"):WaitForChild("games_2346s"):WaitForChild("TitaniumBlock"):WaitForChild("PPart"),
    [4] = CFrame.new(-60.777542, 41.793926, -364.288940, 0.000065, 0.707149, 0.707064, -0.965938, -0.182925, 0.183035, 0.258773, -0.682992, 0.683051),
    [5] = true,
    [6] = CFrame.new(-60.777542, 41.793926, -364.288940, 0.000065, 0.707149, 0.707064, -0.965938, -0.182925, 0.183035, 0.258773, -0.682992, 0.683051),
    [7] = false
}

game:GetService("Players").LocalPlayer.Character.BuildingTool.RF:InvokeServer(unpack(args))
                

local args = {
    [1] = {
        [1] = {
            [1] = workspace:WaitForChild("Blocks"):WaitForChild("games_2346s"):WaitForChild("TitaniumBlock"):WaitForChild("PPart"),
            [2] = Color3.new(0.388235, 0.345098, 0.364706)
        }
    }
}

game:GetService("Players").LocalPlayer.Character.BuildingTool.RF:InvokeServer(unpack(args))
                

local args = {
    [1] = workspace:WaitForChild("Blocks"):WaitForChild("games_2346s"):WaitForChild("TitaniumBlock"):WaitForChild("PPart"),
    [2] = Vector3.new(0.500000, 0.600000, 0.300000),
    [3] = CFrame.new(-60.777542, 41.793926, -364.288940, 0.000065, 0.707149, 0.707064, -0.965938, -0.182925, 0.183035, 0.258773, -0.682992, 0.683051)
}

game:GetService("Players").LocalPlayer.Character.BuildingTool.RF:InvokeServer(unpack(args))
                

local args = {
    [1] = "TitaniumBlock",
    [2] = 2404,
    [3] = workspace:WaitForChild("Blocks"):WaitForChild("games_2346s"):WaitForChild("TitaniumBlock"):WaitForChild("PPart"),
    [4] = CFrame.new(-60.636185, 41.358288, -362.600891, 0.000005, 0.707119, 0.707094, -0.707033, 0.500046, -0.500058, -0.707180, -0.499936, 0.499959),
    [5] = true,
    [6] = CFrame.new(-60.636185, 41.358288, -362.600891, 0.000005, 0.707119, 0.707094, -0.707033, 0.500046, -0.500058, -0.707180, -0.499936, 0.499959),
    [7] = false
}

game:GetService("Players").LocalPlayer.Character.BuildingTool.RF:InvokeServer(unpack(args))
                

local args = {
    [1] = {
        [1] = {
            [1] = workspace:WaitForChild("Blocks"):WaitForChild("games_2346s"):WaitForChild("TitaniumBlock"):WaitForChild("PPart"),
            [2] = Color3.new(0.388235, 0.345098, 0.364706)
        }
    }
}

game:GetService("Players").LocalPlayer.Character.BuildingTool.RF:InvokeServer(unpack(args))
                

local args = {
    [1] = workspace:WaitForChild("Blocks"):WaitForChild("games_2346s"):WaitForChild("TitaniumBlock"):WaitForChild("PPart"),
    [2] = Vector3.new(0.500000, 0.300000, 0.800000),
    [3] = CFrame.new(-60.636185, 41.358288, -362.600891, 0.000005, 0.707119, 0.707094, -0.707033, 0.500046, -0.500058, -0.707180, -0.499936, 0.499959)
}

game:GetService("Players").LocalPlayer.Character.BuildingTool.RF:InvokeServer(unpack(args))
                

local args = {
    [1] = "TitaniumBlock",
    [2] = 2404,
    [3] = workspace:WaitForChild("Blocks"):WaitForChild("games_2346s"):WaitForChild("TitaniumBlock"):WaitForChild("PPart"),
    [4] = CFrame.new(-59.740799, 48.128265, -362.902802, -0.000021, -0.866061, -0.499939, 0.000012, -0.499939, 0.866061, -1.000000, 0.000012, 0.000021),
    [5] = true,
    [6] = CFrame.new(-59.740799, 48.128265, -362.902802, -0.000021, -0.866061, -0.499939, 0.000012, -0.499939, 0.866061, -1.000000, 0.000012, 0.000021),
    [7] = false
}

game:GetService("Players").LocalPlayer.Character.BuildingTool.RF:InvokeServer(unpack(args))
                

local args = {
    [1] = {
        [1] = {
            [1] = workspace:WaitForChild("Blocks"):WaitForChild("games_2346s"):WaitForChild("TitaniumBlock"):WaitForChild("PPart"),
            [2] = Color3.new(0.388235, 0.345098, 0.364706)
        }
    }
}

game:GetService("Players").LocalPlayer.Character.BuildingTool.RF:InvokeServer(unpack(args))
                

local args = {
    [1] = workspace:WaitForChild("Blocks"):WaitForChild("games_2346s"):WaitForChild("TitaniumBlock"):WaitForChild("PPart"),
    [2] = Vector3.new(0.300000, 2.000000, 0.500000),
    [3] = CFrame.new(-59.740799, 48.128265, -362.902802, -0.000021, -0.866061, -0.499939, 0.000012, -0.499939, 0.866061, -1.000000, 0.000012, 0.000021)
}

game:GetService("Players").LocalPlayer.Character.BuildingTool.RF:InvokeServer(unpack(args))
                

local args = {
    [1] = "TitaniumBlock",
    [2] = 2404,
    [3] = workspace:WaitForChild("Blocks"):WaitForChild("games_2346s"):WaitForChild("TitaniumBlock"):WaitForChild("PPart"),
    [4] = CFrame.new(-41.678055, 31.242638, -362.423706, 0.000041, -0.500000, 0.866025, -1.000000, 0.000021, 0.000059, -0.000047, -0.866025, -0.500000),
    [5] = true,
    [6] = CFrame.new(-41.678055, 31.242638, -362.423706, 0.000041, -0.500000, 0.866025, -1.000000, 0.000021, 0.000059, -0.000047, -0.866025, -0.500000),
    [7] = false
}

game:GetService("Players").LocalPlayer.Character.BuildingTool.RF:InvokeServer(unpack(args))
                

local args = {
    [1] = {
        [1] = {
            [1] = workspace:WaitForChild("Blocks"):WaitForChild("games_2346s"):WaitForChild("TitaniumBlock"):WaitForChild("PPart"),
            [2] = Color3.new(0.388235, 0.345098, 0.364706)
        }
    }
}

game:GetService("Players").LocalPlayer.Character.BuildingTool.RF:InvokeServer(unpack(args))
                

local args = {
    [1] = workspace:WaitForChild("Blocks"):WaitForChild("games_2346s"):WaitForChild("TitaniumBlock"):WaitForChild("PPart"),
    [2] = Vector3.new(0.300000, 2.000000, 0.500000),
    [3] = CFrame.new(-41.678055, 31.242638, -362.423706, 0.000041, -0.500000, 0.866025, -1.000000, 0.000021, 0.000059, -0.000047, -0.866025, -0.500000)
}

game:GetService("Players").LocalPlayer.Character.BuildingTool.RF:InvokeServer(unpack(args))
                

local args = {
    [1] = "MetalBlock",
    [2] = 2404,
    [3] = workspace:WaitForChild("Blocks"):WaitForChild("games_2346s"):WaitForChild("MetalBlock"):WaitForChild("PPart"),
    [4] = CFrame.new(-50.826126, 57.477318, -362.997314, 1.000000, 0.000000, 0.000000, 0.000000, 1.000000, 0.000000, 0.000000, 0.000000, 1.000000),
    [5] = true,
    [6] = CFrame.new(-50.826126, 57.477318, -362.997314, 1.000000, 0.000000, 0.000000, 0.000000, 1.000000, 0.000000, 0.000000, 0.000000, 1.000000),
    [7] = false
}

game:GetService("Players").LocalPlayer.Character.BuildingTool.RF:InvokeServer(unpack(args))
                

local args = {
    [1] = {
        [1] = {
            [1] = workspace:WaitForChild("Blocks"):WaitForChild("games_2346s"):WaitForChild("MetalBlock"):WaitForChild("PPart"),
            [2] = Color3.new(0.388235, 0.372549, 0.384314)
        }
    }
}

game:GetService("Players").LocalPlayer.Character.BuildingTool.RF:InvokeServer(unpack(args))
                

local args = {
    [1] = workspace:WaitForChild("Blocks"):WaitForChild("games_2346s"):WaitForChild("MetalBlock"):WaitForChild("PPart"),
    [2] = Vector3.new(1.061943, 0.293503, 1.802978),
    [3] = CFrame.new(-50.826126, 57.477318, -362.997314, 1.000000, 0.000000, 0.000000, 0.000000, 1.000000, 0.000000, 0.000000, 0.000000, 1.000000)
}

game:GetService("Players").LocalPlayer.Character.BuildingTool.RF:InvokeServer(unpack(args))
                

local args = {
    [1] = "TitaniumBlock",
    [2] = 2404,
    [3] = workspace:WaitForChild("Blocks"):WaitForChild("games_2346s"):WaitForChild("TitaniumBlock"):WaitForChild("PPart"),
    [4] = CFrame.new(-60.140579, 30.492531, -361.560638, 1.000000, 0.000000, 0.000000, 0.000000, 1.000000, 0.000000, 0.000000, 0.000000, 1.000000),
    [5] = true,
    [6] = CFrame.new(-60.140579, 30.492531, -361.560638, 1.000000, 0.000000, 0.000000, 0.000000, 1.000000, 0.000000, 0.000000, 0.000000, 1.000000),
    [7] = false
}

game:GetService("Players").LocalPlayer.Character.BuildingTool.RF:InvokeServer(unpack(args))
                

local args = {
    [1] = {
        [1] = {
            [1] = workspace:WaitForChild("Blocks"):WaitForChild("games_2346s"):WaitForChild("TitaniumBlock"):WaitForChild("PPart"),
            [2] = Color3.new(0.388235, 0.372549, 0.384314)
        }
    }
}

game:GetService("Players").LocalPlayer.Character.BuildingTool.RF:InvokeServer(unpack(args))
                

local args = {
    [1] = workspace:WaitForChild("Blocks"):WaitForChild("games_2346s"):WaitForChild("TitaniumBlock"):WaitForChild("PPart"),
    [2] = Vector3.new(0.800000, 1.200000, 0.600000),
    [3] = CFrame.new(-60.140579, 30.492531, -361.560638, 1.000000, 0.000000, 0.000000, 0.000000, 1.000000, 0.000000, 0.000000, 0.000000, 1.000000)
}

game:GetService("Players").LocalPlayer.Character.BuildingTool.RF:InvokeServer(unpack(args))
                

local args = {
    [1] = "TitaniumBlock",
    [2] = 2404,
    [3] = workspace:WaitForChild("Blocks"):WaitForChild("games_2346s"):WaitForChild("TitaniumBlock"):WaitForChild("PPart"),
    [4] = CFrame.new(-60.116653, 43.116890, -363.607422, 0.000085, -0.707131, -0.707083, 0.258902, 0.682990, -0.683004, 0.965904, -0.183007, 0.183136),
    [5] = true,
    [6] = CFrame.new(-60.116653, 43.116890, -363.607422, 0.000085, -0.707131, -0.707083, 0.258902, 0.682990, -0.683004, 0.965904, -0.183007, 0.183136),
    [7] = false
}

game:GetService("Players").LocalPlayer.Character.BuildingTool.RF:InvokeServer(unpack(args))
                

local args = {
    [1] = {
        [1] = {
            [1] = workspace:WaitForChild("Blocks"):WaitForChild("games_2346s"):WaitForChild("TitaniumBlock"):WaitForChild("PPart"),
            [2] = Color3.new(0.388235, 0.345098, 0.364706)
        }
    }
}

game:GetService("Players").LocalPlayer.Character.BuildingTool.RF:InvokeServer(unpack(args))
                

local args = {
    [1] = workspace:WaitForChild("Blocks"):WaitForChild("games_2346s"):WaitForChild("TitaniumBlock"):WaitForChild("PPart"),
    [2] = Vector3.new(0.500000, 0.600000, 0.300000),
    [3] = CFrame.new(-60.116653, 43.116890, -363.607422, 0.000085, -0.707131, -0.707083, 0.258902, 0.682990, -0.683004, 0.965904, -0.183007, 0.183136)
}

game:GetService("Players").LocalPlayer.Character.BuildingTool.RF:InvokeServer(unpack(args))
                

local args = {
    [1] = "TitaniumBlock",
    [2] = 2404,
    [3] = workspace:WaitForChild("Blocks"):WaitForChild("games_2346s"):WaitForChild("TitaniumBlock"):WaitForChild("PPart"),
    [4] = CFrame.new(-58.719070, 31.302025, -362.062012, 0.258918, -0.683006, 0.682982, -0.000043, 0.707086, 0.707127, -0.965899, -0.183117, 0.183048),
    [5] = true,
    [6] = CFrame.new(-58.719070, 31.302025, -362.062012, 0.258918, -0.683006, 0.682982, -0.000043, 0.707086, 0.707127, -0.965899, -0.183117, 0.183048),
    [7] = false
}

game:GetService("Players").LocalPlayer.Character.BuildingTool.RF:InvokeServer(unpack(args))
                

local args = {
    [1] = {
        [1] = {
            [1] = workspace:WaitForChild("Blocks"):WaitForChild("games_2346s"):WaitForChild("TitaniumBlock"):WaitForChild("PPart"),
            [2] = Color3.new(0.388235, 0.345098, 0.364706)
        }
    }
}

game:GetService("Players").LocalPlayer.Character.BuildingTool.RF:InvokeServer(unpack(args))
                

local args = {
    [1] = workspace:WaitForChild("Blocks"):WaitForChild("games_2346s"):WaitForChild("TitaniumBlock"):WaitForChild("PPart"),
    [2] = Vector3.new(0.500000, 0.300000, 0.800000),
    [3] = CFrame.new(-58.719070, 31.302025, -362.062012, 0.258918, -0.683006, 0.682982, -0.000043, 0.707086, 0.707127, -0.965899, -0.183117, 0.183048)
}

game:GetService("Players").LocalPlayer.Character.BuildingTool.RF:InvokeServer(unpack(args))
                

local args = {
    [1] = "TitaniumBlock",
    [2] = 2404,
    [3] = workspace:WaitForChild("Blocks"):WaitForChild("games_2346s"):WaitForChild("TitaniumBlock"):WaitForChild("PPart"),
    [4] = CFrame.new(-59.738358, 39.151764, -363.305237, 1.000000, 0.000000, 0.000000, 0.000000, 1.000000, 0.000000, 0.000000, 0.000000, 1.000000),
    [5] = true,
    [6] = CFrame.new(-59.738358, 39.151764, -363.305237, 1.000000, 0.000000, 0.000000, 0.000000, 1.000000, 0.000000, 0.000000, 0.000000, 1.000000),
    [7] = false
}

game:GetService("Players").LocalPlayer.Character.BuildingTool.RF:InvokeServer(unpack(args))
                

local args = {
    [1] = {
        [1] = {
            [1] = workspace:WaitForChild("Blocks"):WaitForChild("games_2346s"):WaitForChild("TitaniumBlock"):WaitForChild("PPart"),
            [2] = Color3.new(0.388235, 0.345098, 0.364706)
        }
    }
}

game:GetService("Players").LocalPlayer.Character.BuildingTool.RF:InvokeServer(unpack(args))
                

local args = {
    [1] = workspace:WaitForChild("Blocks"):WaitForChild("games_2346s"):WaitForChild("TitaniumBlock"):WaitForChild("PPart"),
    [2] = Vector3.new(0.200000, 0.500000, 0.100000),
    [3] = CFrame.new(-59.738358, 39.151764, -363.305237, 1.000000, 0.000000, 0.000000, 0.000000, 1.000000, 0.000000, 0.000000, 0.000000, 1.000000)
}

game:GetService("Players").LocalPlayer.Character.BuildingTool.RF:InvokeServer(unpack(args))
                

local args = {
    [1] = "TitaniumBlock",
    [2] = 2404,
    [3] = workspace:WaitForChild("Blocks"):WaitForChild("games_2346s"):WaitForChild("TitaniumBlock"):WaitForChild("PPart"),
    [4] = CFrame.new(-59.090591, 29.042534, -361.410767, 1.000000, 0.000000, 0.000000, 0.000000, 1.000000, 0.000000, 0.000000, 0.000000, 1.000000),
    [5] = true,
    [6] = CFrame.new(-59.090591, 29.042534, -361.410767, 1.000000, 0.000000, 0.000000, 0.000000, 1.000000, 0.000000, 0.000000, 0.000000, 1.000000),
    [7] = false
}

game:GetService("Players").LocalPlayer.Character.BuildingTool.RF:InvokeServer(unpack(args))
                

local args = {
    [1] = {
        [1] = {
            [1] = workspace:WaitForChild("Blocks"):WaitForChild("games_2346s"):WaitForChild("TitaniumBlock"):WaitForChild("PPart"),
            [2] = Color3.new(0.388235, 0.372549, 0.384314)
        }
    }
}

game:GetService("Players").LocalPlayer.Character.BuildingTool.RF:InvokeServer(unpack(args))
                

local args = {
    [1] = workspace:WaitForChild("Blocks"):WaitForChild("games_2346s"):WaitForChild("TitaniumBlock"):WaitForChild("PPart"),
    [2] = Vector3.new(0.900000, 0.100000, 0.100000),
    [3] = CFrame.new(-59.090591, 29.042534, -361.410767, 1.000000, 0.000000, 0.000000, 0.000000, 1.000000, 0.000000, 0.000000, 0.000000, 1.000000)
}

game:GetService("Players").LocalPlayer.Character.BuildingTool.RF:InvokeServer(unpack(args))
                

local args = {
    [1] = "LightBulb",
    [2] = 2404,
    [3] = workspace:WaitForChild("Blocks"):WaitForChild("games_2346s"):WaitForChild("LightBulb"):WaitForChild("PPart"),
    [4] = CFrame.new(-59.738358, 37.001942, -363.105225, 0.000000, 0.000000, 1.000000, 0.000000, -1.000000, 0.000000, 1.000000, 0.000000, 0.000000),
    [5] = true,
    [6] = CFrame.new(-59.738358, 37.001942, -363.105225, 0.000000, 0.000000, 1.000000, 0.000000, -1.000000, 0.000000, 1.000000, 0.000000, 0.000000),
    [7] = false
}

game:GetService("Players").LocalPlayer.Character.BuildingTool.RF:InvokeServer(unpack(args))
                

local args = {
    [1] = {
        [1] = {
            [1] = workspace:WaitForChild("Blocks"):WaitForChild("games_2346s"):WaitForChild("LightBulb"):WaitForChild("PPart"),
            [2] = Color3.new(0.647059, 0.631373, 0.231373)
        }
    }
}

game:GetService("Players").LocalPlayer.Character.BuildingTool.RF:InvokeServer(unpack(args))
                

local args = {
    [1] = workspace:WaitForChild("Blocks"):WaitForChild("games_2346s"):WaitForChild("LightBulb"):WaitForChild("PPart"),
    [2] = Vector3.new(0.100000, 0.600000, 0.600000),
    [3] = CFrame.new(-59.738358, 37.001942, -363.105225, 0.000000, 0.000000, 1.000000, 0.000000, -1.000000, 0.000000, 1.000000, 0.000000, 0.000000)
}

game:GetService("Players").LocalPlayer.Character.BuildingTool.RF:InvokeServer(unpack(args))
                

local args = {
    [1] = "LightBulb",
    [2] = 2404,
    [3] = workspace:WaitForChild("Blocks"):WaitForChild("games_2346s"):WaitForChild("LightBulb"):WaitForChild("PPart"),
    [4] = CFrame.new(-59.777164, 37.001942, -362.910339, -0.258864, 0.000000, 0.965914, 0.000000, -1.000000, 0.000000, 0.965914, 0.000000, 0.258864),
    [5] = true,
    [6] = CFrame.new(-59.777164, 37.001942, -362.910339, -0.258864, 0.000000, 0.965914, 0.000000, -1.000000, 0.000000, 0.965914, 0.000000, 0.258864),
    [7] = false
}

game:GetService("Players").LocalPlayer.Character.BuildingTool.RF:InvokeServer(unpack(args))
                

local args = {
    [1] = {
        [1] = {
            [1] = workspace:WaitForChild("Blocks"):WaitForChild("games_2346s"):WaitForChild("LightBulb"):WaitForChild("PPart"),
            [2] = Color3.new(0.647059, 0.631373, 0.231373)
        }
    }
}

game:GetService("Players").LocalPlayer.Character.BuildingTool.RF:InvokeServer(unpack(args))
                

local args = {
    [1] = workspace:WaitForChild("Blocks"):WaitForChild("games_2346s"):WaitForChild("LightBulb"):WaitForChild("PPart"),
    [2] = Vector3.new(0.500000, 0.050000, 0.050000),
    [3] = CFrame.new(-59.777164, 37.001942, -362.910339, -0.258864, 0.000000, 0.965914, 0.000000, -1.000000, 0.000000, 0.965914, 0.000000, 0.258864)
}

game:GetService("Players").LocalPlayer.Character.BuildingTool.RF:InvokeServer(unpack(args))
                

local args = {
    [1] = "LightBulb",
    [2] = 2404,
    [3] = workspace:WaitForChild("Blocks"):WaitForChild("games_2346s"):WaitForChild("LightBulb"):WaitForChild("PPart"),
    [4] = CFrame.new(-59.699554, 37.001945, -362.910339, 0.258864, 0.000000, 0.965914, 0.000000, -1.000000, 0.000000, 0.965914, 0.000000, -0.258864),
    [5] = true,
    [6] = CFrame.new(-59.699554, 37.001945, -362.910339, 0.258864, 0.000000, 0.965914, 0.000000, -1.000000, 0.000000, 0.965914, 0.000000, -0.258864),
    [7] = false
}

game:GetService("Players").LocalPlayer.Character.BuildingTool.RF:InvokeServer(unpack(args))
                

local args = {
    [1] = {
        [1] = {
            [1] = workspace:WaitForChild("Blocks"):WaitForChild("games_2346s"):WaitForChild("LightBulb"):WaitForChild("PPart"),
            [2] = Color3.new(0.647059, 0.631373, 0.231373)
        }
    }
}

game:GetService("Players").LocalPlayer.Character.BuildingTool.RF:InvokeServer(unpack(args))
                

local args = {
    [1] = workspace:WaitForChild("Blocks"):WaitForChild("games_2346s"):WaitForChild("LightBulb"):WaitForChild("PPart"),
    [2] = Vector3.new(0.500000, 0.050000, 0.050000),
    [3] = CFrame.new(-59.699554, 37.001945, -362.910339, 0.258864, 0.000000, 0.965914, 0.000000, -1.000000, 0.000000, 0.965914, 0.000000, -0.258864)
}

game:GetService("Players").LocalPlayer.Character.BuildingTool.RF:InvokeServer(unpack(args))
                

local args = {
    [1] = "LightBulb",
    [2] = 2404,
    [3] = workspace:WaitForChild("Blocks"):WaitForChild("games_2346s"):WaitForChild("LightBulb"):WaitForChild("PPart"),
    [4] = CFrame.new(-59.738358, 37.001942, -363.205231, -0.000000, 0.000000, 1.000000, 0.000000, -1.000000, 0.000000, 1.000000, 0.000000, -0.000000),
    [5] = true,
    [6] = CFrame.new(-59.738358, 37.001942, -363.205231, -0.000000, 0.000000, 1.000000, 0.000000, -1.000000, 0.000000, 1.000000, 0.000000, -0.000000),
    [7] = false
}

game:GetService("Players").LocalPlayer.Character.BuildingTool.RF:InvokeServer(unpack(args))
                

local args = {
    [1] = {
        [1] = {
            [1] = workspace:WaitForChild("Blocks"):WaitForChild("games_2346s"):WaitForChild("LightBulb"):WaitForChild("PPart"),
            [2] = Color3.new(0.647059, 0.631373, 0.231373)
        }
    }
}

game:GetService("Players").LocalPlayer.Character.BuildingTool.RF:InvokeServer(unpack(args))
                

local args = {
    [1] = workspace:WaitForChild("Blocks"):WaitForChild("games_2346s"):WaitForChild("LightBulb"):WaitForChild("PPart"),
    [2] = Vector3.new(0.100000, 0.600000, 0.600000),
    [3] = CFrame.new(-59.738358, 37.001942, -363.205231, -0.000000, 0.000000, 1.000000, 0.000000, -1.000000, 0.000000, 1.000000, 0.000000, -0.000000)
}

game:GetService("Players").LocalPlayer.Character.BuildingTool.RF:InvokeServer(unpack(args))
                

local args = {
    [1] = "LightBulb",
    [2] = 2404,
    [3] = workspace:WaitForChild("Blocks"):WaitForChild("games_2346s"):WaitForChild("LightBulb"):WaitForChild("PPart"),
    [4] = CFrame.new(-59.738358, 37.001942, -362.955231, 0.000000, 0.000000, 1.000000, 0.000000, -1.000000, 0.000000, 1.000000, 0.000000, 0.000000),
    [5] = true,
    [6] = CFrame.new(-59.738358, 37.001942, -362.955231, 0.000000, 0.000000, 1.000000, 0.000000, -1.000000, 0.000000, 1.000000, 0.000000, 0.000000),
    [7] = false
}

game:GetService("Players").LocalPlayer.Character.BuildingTool.RF:InvokeServer(unpack(args))
                

local args = {
    [1] = {
        [1] = {
            [1] = workspace:WaitForChild("Blocks"):WaitForChild("games_2346s"):WaitForChild("LightBulb"):WaitForChild("PPart"),
            [2] = Color3.new(0.647059, 0.631373, 0.231373)
        }
    }
}

game:GetService("Players").LocalPlayer.Character.BuildingTool.RF:InvokeServer(unpack(args))
                

local args = {
    [1] = workspace:WaitForChild("Blocks"):WaitForChild("games_2346s"):WaitForChild("LightBulb"):WaitForChild("PPart"),
    [2] = Vector3.new(0.400000, 0.400000, 0.400000),
    [3] = CFrame.new(-59.738358, 37.001942, -362.955231, 0.000000, 0.000000, 1.000000, 0.000000, -1.000000, 0.000000, 1.000000, 0.000000, 0.000000)
}

game:GetService("Players").LocalPlayer.Character.BuildingTool.RF:InvokeServer(unpack(args))
                

local args = {
    [1] = "LightBulb",
    [2] = 2404,
    [3] = workspace:WaitForChild("Blocks"):WaitForChild("games_2346s"):WaitForChild("LightBulb"):WaitForChild("PPart"),
    [4] = CFrame.new(-59.738358, 37.001942, -362.915222, 0.000000, 0.000000, 1.000000, 0.000000, -1.000000, 0.000000, 1.000000, 0.000000, 0.000000),
    [5] = true,
    [6] = CFrame.new(-59.738358, 37.001942, -362.915222, 0.000000, 0.000000, 1.000000, 0.000000, -1.000000, 0.000000, 1.000000, 0.000000, 0.000000),
    [7] = false
}

game:GetService("Players").LocalPlayer.Character.BuildingTool.RF:InvokeServer(unpack(args))
                

local args = {
    [1] = {
        [1] = {
            [1] = workspace:WaitForChild("Blocks"):WaitForChild("games_2346s"):WaitForChild("LightBulb"):WaitForChild("PPart"),
            [2] = Color3.new(0.647059, 0.631373, 0.231373)
        }
    }
}

game:GetService("Players").LocalPlayer.Character.BuildingTool.RF:InvokeServer(unpack(args))
                

local args = {
    [1] = workspace:WaitForChild("Blocks"):WaitForChild("games_2346s"):WaitForChild("LightBulb"):WaitForChild("PPart"),
    [2] = Vector3.new(0.080000, 0.400000, 0.400000),
    [3] = CFrame.new(-59.738358, 37.001942, -362.915222, 0.000000, 0.000000, 1.000000, 0.000000, -1.000000, 0.000000, 1.000000, 0.000000, 0.000000)
}

game:GetService("Players").LocalPlayer.Character.BuildingTool.RF:InvokeServer(unpack(args))
                

local args = {
    [1] = "LightBulb",
    [2] = 2404,
    [3] = workspace:WaitForChild("Blocks"):WaitForChild("games_2346s"):WaitForChild("LightBulb"):WaitForChild("PPart"),
    [4] = CFrame.new(-59.738358, 37.001942, -362.655243, 0.000000, 0.000000, 1.000000, 0.000000, -1.000000, 0.000000, 1.000000, 0.000000, 0.000000),
    [5] = true,
    [6] = CFrame.new(-59.738358, 37.001942, -362.655243, 0.000000, 0.000000, 1.000000, 0.000000, -1.000000, 0.000000, 1.000000, 0.000000, 0.000000),
    [7] = false
}

game:GetService("Players").LocalPlayer.Character.BuildingTool.RF:InvokeServer(unpack(args))
                

local args = {
    [1] = {
        [1] = {
            [1] = workspace:WaitForChild("Blocks"):WaitForChild("games_2346s"):WaitForChild("LightBulb"):WaitForChild("PPart"),
            [2] = Color3.new(0.647059, 0.631373, 0.231373)
        }
    }
}

game:GetService("Players").LocalPlayer.Character.BuildingTool.RF:InvokeServer(unpack(args))
                

local args = {
    [1] = workspace:WaitForChild("Blocks"):WaitForChild("games_2346s"):WaitForChild("LightBulb"):WaitForChild("PPart"),
    [2] = Vector3.new(0.600000, 0.600000, 0.600000),
    [3] = CFrame.new(-59.738358, 37.001942, -362.655243, 0.000000, 0.000000, 1.000000, 0.000000, -1.000000, 0.000000, 1.000000, 0.000000, 0.000000)
}

game:GetService("Players").LocalPlayer.Character.BuildingTool.RF:InvokeServer(unpack(args))
                

local args = {
    [1] = "PlasticBlock",
    [2] = 2404,
    [3] = workspace:WaitForChild("Blocks"):WaitForChild("games_2346s"):WaitForChild("PlasticBlock"):WaitForChild("PPart"),
    [4] = CFrame.new(-64.964645, 13.026276, -343.897034, 1.000000, 0.000000, 0.000000, 0.000000, 1.000000, 0.000000, 0.000000, 0.000000, 1.000000),
    [5] = true,
    [6] = CFrame.new(-64.964645, 13.026276, -343.897034, 1.000000, 0.000000, 0.000000, 0.000000, 1.000000, 0.000000, 0.000000, 0.000000, 1.000000),
    [7] = false
}

game:GetService("Players").LocalPlayer.Character.BuildingTool.RF:InvokeServer(unpack(args))
                

local args = {
    [1] = {
        [1] = {
            [1] = workspace:WaitForChild("Blocks"):WaitForChild("games_2346s"):WaitForChild("PlasticBlock"):WaitForChild("PPart"),
            [2] = Color3.new(0.066667, 0.066667, 0.066667)
        }
    }
}

game:GetService("Players").LocalPlayer.Character.BuildingTool.RF:InvokeServer(unpack(args))
                

local args = {
    [1] = workspace:WaitForChild("Blocks"):WaitForChild("games_2346s"):WaitForChild("PlasticBlock"):WaitForChild("PPart"),
    [2] = Vector3.new(2.000000, 39.000000, 2.000000),
    [3] = CFrame.new(-64.964645, 13.026276, -343.897034, 1.000000, 0.000000, 0.000000, 0.000000, 1.000000, 0.000000, 0.000000, 0.000000, 1.000000)
}

game:GetService("Players").LocalPlayer.Character.BuildingTool.RF:InvokeServer(unpack(args))
                

local args = {
    [1] = "TitaniumBlock",
    [2] = 2404,
    [3] = workspace:WaitForChild("Blocks"):WaitForChild("games_2346s"):WaitForChild("TitaniumBlock"):WaitForChild("PPart"),
    [4] = CFrame.new(-40.592606, 31.880249, -362.589661, 0.258683, -0.683044, 0.683033, 0.000012, -0.707098, -0.707115, 0.965962, 0.182927, -0.182906),
    [5] = true,
    [6] = CFrame.new(-40.592606, 31.880249, -362.589661, 0.258683, -0.683044, 0.683033, 0.000012, -0.707098, -0.707115, 0.965962, 0.182927, -0.182906),
    [7] = false
}

game:GetService("Players").LocalPlayer.Character.BuildingTool.RF:InvokeServer(unpack(args))
                

local args = {
    [1] = {
        [1] = {
            [1] = workspace:WaitForChild("Blocks"):WaitForChild("games_2346s"):WaitForChild("TitaniumBlock"):WaitForChild("PPart"),
            [2] = Color3.new(0.388235, 0.345098, 0.364706)
        }
    }
}

game:GetService("Players").LocalPlayer.Character.BuildingTool.RF:InvokeServer(unpack(args))
                

local args = {
    [1] = workspace:WaitForChild("Blocks"):WaitForChild("games_2346s"):WaitForChild("TitaniumBlock"):WaitForChild("PPart"),
    [2] = Vector3.new(0.500000, 0.300000, 0.800000),
    [3] = CFrame.new(-40.592606, 31.880249, -362.589661, 0.258683, -0.683044, 0.683033, 0.000012, -0.707098, -0.707115, 0.965962, 0.182927, -0.182906)
}

game:GetService("Players").LocalPlayer.Character.BuildingTool.RF:InvokeServer(unpack(args))
                

local args = {
    [1] = "TitaniumBlock",
    [2] = 2404,
    [3] = workspace:WaitForChild("Blocks"):WaitForChild("games_2346s"):WaitForChild("TitaniumBlock"):WaitForChild("PPart"),
    [4] = CFrame.new(-42.536087, 42.264244, -362.268036, -0.000032, 0.707107, 0.707106, -1.000000, 0.000014, -0.000060, -0.000053, -0.707106, 0.707107),
    [5] = true,
    [6] = CFrame.new(-42.536087, 42.264244, -362.268036, -0.000032, 0.707107, 0.707106, -1.000000, 0.000014, -0.000060, -0.000053, -0.707106, 0.707107),
    [7] = false
}

game:GetService("Players").LocalPlayer.Character.BuildingTool.RF:InvokeServer(unpack(args))
                

local args = {
    [1] = {
        [1] = {
            [1] = workspace:WaitForChild("Blocks"):WaitForChild("games_2346s"):WaitForChild("TitaniumBlock"):WaitForChild("PPart"),
            [2] = Color3.new(0.388235, 0.345098, 0.364706)
        }
    }
}

game:GetService("Players").LocalPlayer.Character.BuildingTool.RF:InvokeServer(unpack(args))
                

local args = {
    [1] = workspace:WaitForChild("Blocks"):WaitForChild("games_2346s"):WaitForChild("TitaniumBlock"):WaitForChild("PPart"),
    [2] = Vector3.new(0.500000, 0.300000, 0.800000),
    [3] = CFrame.new(-42.536087, 42.264244, -362.268036, -0.000032, 0.707107, 0.707106, -1.000000, 0.000014, -0.000060, -0.000053, -0.707106, 0.707107)
}

game:GetService("Players").LocalPlayer.Character.BuildingTool.RF:InvokeServer(unpack(args))
                

local args = {
    [1] = "TitaniumBlock",
    [2] = 2404,
    [3] = workspace:WaitForChild("Blocks"):WaitForChild("games_2346s"):WaitForChild("TitaniumBlock"):WaitForChild("PPart"),
    [4] = CFrame.new(-44.855423, 32.136238, -357.661987, 1.000000, -0.000080, 0.000033, 0.000080, 0.707068, -0.707146, 0.000033, 0.707146, 0.707068),
    [5] = true,
    [6] = CFrame.new(-44.855423, 32.136238, -357.661987, 1.000000, -0.000080, 0.000033, 0.000080, 0.707068, -0.707146, 0.000033, 0.707146, 0.707068),
    [7] = false
}

game:GetService("Players").LocalPlayer.Character.BuildingTool.RF:InvokeServer(unpack(args))
                

local args = {
    [1] = {
        [1] = {
            [1] = workspace:WaitForChild("Blocks"):WaitForChild("games_2346s"):WaitForChild("TitaniumBlock"):WaitForChild("PPart"),
            [2] = Color3.new(0.388235, 0.345098, 0.364706)
        }
    }
}

game:GetService("Players").LocalPlayer.Character.BuildingTool.RF:InvokeServer(unpack(args))
                

local args = {
    [1] = workspace:WaitForChild("Blocks"):WaitForChild("games_2346s"):WaitForChild("TitaniumBlock"):WaitForChild("PPart"),
    [2] = Vector3.new(0.500000, 0.300000, 0.800000),
    [3] = CFrame.new(-44.855423, 32.136238, -357.661987, 1.000000, -0.000080, 0.000033, 0.000080, 0.707068, -0.707146, 0.000033, 0.707146, 0.707068)
}

game:GetService("Players").LocalPlayer.Character.BuildingTool.RF:InvokeServer(unpack(args))
                

local args = {
    [1] = "TitaniumBlock",
    [2] = 2404,
    [3] = workspace:WaitForChild("Blocks"):WaitForChild("games_2346s"):WaitForChild("TitaniumBlock"):WaitForChild("PPart"),
    [4] = CFrame.new(-60.627396, 31.160690, -362.855957, 0.500017, -0.612314, 0.612417, -0.000111, 0.707120, 0.707093, -0.866016, -0.353626, 0.353504),
    [5] = true,
    [6] = CFrame.new(-60.627396, 31.160690, -362.855957, 0.500017, -0.612314, 0.612417, -0.000111, 0.707120, 0.707093, -0.866016, -0.353626, 0.353504),
    [7] = false
}

game:GetService("Players").LocalPlayer.Character.BuildingTool.RF:InvokeServer(unpack(args))
                

local args = {
    [1] = {
        [1] = {
            [1] = workspace:WaitForChild("Blocks"):WaitForChild("games_2346s"):WaitForChild("TitaniumBlock"):WaitForChild("PPart"),
            [2] = Color3.new(0.388235, 0.345098, 0.364706)
        }
    }
}

game:GetService("Players").LocalPlayer.Character.BuildingTool.RF:InvokeServer(unpack(args))
                

local args = {
    [1] = workspace:WaitForChild("Blocks"):WaitForChild("games_2346s"):WaitForChild("TitaniumBlock"):WaitForChild("PPart"),
    [2] = Vector3.new(0.500000, 0.600000, 0.300000),
    [3] = CFrame.new(-60.627396, 31.160690, -362.855957, 0.500017, -0.612314, 0.612417, -0.000111, 0.707120, 0.707093, -0.866016, -0.353626, 0.353504)
}

game:GetService("Players").LocalPlayer.Character.BuildingTool.RF:InvokeServer(unpack(args))
                

local args = {
    [1] = "TitaniumBlock",
    [2] = 2404,
    [3] = workspace:WaitForChild("Blocks"):WaitForChild("games_2346s"):WaitForChild("TitaniumBlock"):WaitForChild("PPart"),
    [4] = CFrame.new(-60.777664, 43.116859, -363.607361, 0.000085, 0.707131, 0.707083, -0.258902, 0.682990, -0.683004, -0.965904, -0.183007, 0.183136),
    [5] = true,
    [6] = CFrame.new(-60.777664, 43.116859, -363.607361, 0.000085, 0.707131, 0.707083, -0.258902, 0.682990, -0.683004, -0.965904, -0.183007, 0.183136),
    [7] = false
}

game:GetService("Players").LocalPlayer.Character.BuildingTool.RF:InvokeServer(unpack(args))
                

local args = {
    [1] = {
        [1] = {
            [1] = workspace:WaitForChild("Blocks"):WaitForChild("games_2346s"):WaitForChild("TitaniumBlock"):WaitForChild("PPart"),
            [2] = Color3.new(0.388235, 0.345098, 0.364706)
        }
    }
}

game:GetService("Players").LocalPlayer.Character.BuildingTool.RF:InvokeServer(unpack(args))
                

local args = {
    [1] = workspace:WaitForChild("Blocks"):WaitForChild("games_2346s"):WaitForChild("TitaniumBlock"):WaitForChild("PPart"),
    [2] = Vector3.new(0.500000, 0.600000, 0.300000),
    [3] = CFrame.new(-60.777664, 43.116859, -363.607361, 0.000085, 0.707131, 0.707083, -0.258902, 0.682990, -0.683004, -0.965904, -0.183007, 0.183136)
}

game:GetService("Players").LocalPlayer.Character.BuildingTool.RF:InvokeServer(unpack(args))
                

local args = {
    [1] = "TitaniumRod",
    [2] = 2404,
    [3] = workspace:WaitForChild("Blocks"):WaitForChild("games_2346s"):WaitForChild("TitaniumRod"):WaitForChild("PPart"),
    [4] = CFrame.new(-58.865311, 47.244438, -361.596558, -0.000000, 1.000000, 0.000183, 1.000000, -0.000000, 0.000061, 0.000061, 0.000183, -1.000000),
    [5] = true,
    [6] = CFrame.new(-58.865311, 47.244438, -361.596558, -0.000000, 1.000000, 0.000183, 1.000000, -0.000000, 0.000061, 0.000061, 0.000183, -1.000000),
    [7] = false
}

game:GetService("Players").LocalPlayer.Character.BuildingTool.RF:InvokeServer(unpack(args))
                

local args = {
    [1] = {
        [1] = {
            [1] = workspace:WaitForChild("Blocks"):WaitForChild("games_2346s"):WaitForChild("TitaniumRod"):WaitForChild("PPart"),
            [2] = Color3.new(0.388235, 0.345098, 0.364706)
        }
    }
}

game:GetService("Players").LocalPlayer.Character.BuildingTool.RF:InvokeServer(unpack(args))
                

local args = {
